0.000000
0.000000
0.000000
0.000000
0.000492
0.000005
0.000000
0.000000
0.000000
0.000003
0.000000
0.000000
0.000000
0.000000
0.000010
0.000000
0.060217
0.000000
0.000000
0.000000
0.000000
0.000000
0.000002
0.000000
0.000000
0.000000
0.000000
0.000000
0.003149
0.000000
0.000000
0.000000
0.000000
0.213391
0.000000
0.000000
0.000000
0.000000
0.000007
0.000000
0.000001
0.000000
0.000948
0.000000
0.000670
0.000003
0.000003
0.000591
0.000237
0.000000
0.002899
0.000000
0.000000
0.999969
0.000000
0.000000
0.000122
0.000000
0.000001
0.000000
0.000000
0.000000
0.000371
0.000000
0.000000
0.000000
0.000000
0.000000
0.000000
0.000000
0.000000
0.000313
0.000000
0.000000
0.000000
0.000000
0.000004
0.000202
0.000000
0.000000
0.000000
0.000000
0.000060
0.000000
0.000000
0.977157
0.000000
0.000000
0.000000
0.490602
0.024976
0.000002
1.000000
0.000003
0.000000
0.000000
0.000713
0.000298
0.000000
0.000000
0.929721
0.000000
0.000934
0.000000
0.065746
0.012553
0.070493
0.000000
0.000000
0.000000
0.000000
0.000038
0.000000
0.000000
0.000000
0.000000
0.000000
0.999986
0.967287
0.000000
1.000000
0.000000
0.000000
0.000055
0.000000
0.000000
0.998487
0.000000
0.000006
0.000000
0.000000
0.000000
0.005660
0.000000
0.000000
0.000020
0.000000
0.000000
0.000000
0.000000
0.000000
0.065388
0.000000
0.000000
0.000000
0.000034
0.000000
0.998583
0.999635
0.000000
0.000265
0.000000
0.000000
0.000000
0.000000
0.000000
0.000000
0.302465
0.000329
0.000000
0.000000
0.000000
0.000000
0.000000
0.000000
0.976064
0.000000
0.000000
0.000001
0.000513
0.000000
0.000000
0.000001
0.000004
0.000001
0.000000
0.000000
0.000000
0.000021
0.000000
0.000000
0.269352
0.000000
0.128201
0.000000
0.000000
0.000000
0.980929
0.000000
0.000000
0.996327
0.000000
0.003864
0.000000
0.000001
0.000000
0.000000
0.055927
0.000328
0.000000
0.999575
0.929137
0.000000
0.000000
0.000000
0.001467
0.000000
0.000000
0.000004
0.000000
0.000000
0.000000
0.317762
0.000000
0.000000
0.000000
0.177157
0.000000
0.000000
0.000000
0.000000
0.000309
0.000000
0.000000
0.000000
0.000000
0.000000
0.000000
0.000000
0.000056
0.000000
0.000000
0.000000
0.000000
0.000000
0.000000
0.000000
0.000000
0.000000
0.000000
0.000000
0.000006
0.000000
0.000000
0.000000
0.000002
0.000017
0.000000
0.000000
0.000000
0.999994
0.000064
0.000000
0.000007
0.000000
0.000000
0.000000
0.000000
0.000029
0.637907
0.001910
0.000000
0.023897
0.000000
0.000000
0.000002
0.000000
0.000000
0.000000
0.000488
0.422925
0.000000
0.000000
0.000000
0.999990
0.000006
0.998256
0.000000
0.000000
0.000000
0.000000
0.000000
0.000291
0.000001
0.000000
0.000021
0.000000
0.000000
0.000000
0.000000
0.000000
0.000000
0.000000
0.000000
0.000000
0.000000
0.000137
0.788157
0.000004
0.000000
0.000019
0.000000
0.000003
0.000000
0.000011
0.000000
0.000000
0.000000
0.000000
0.007299
0.000000
0.000000
0.000000
0.000014
0.000000
0.000000
0.002346
0.000000
0.000033
0.001969
0.000000
0.000000
0.000000
0.000000
0.000000
0.000000
0.000000
0.000000
0.000000
0.000000
0.000000
0.000000
0.000000
0.000000
0.000000
0.000082
0.000002
0.000000
0.213635
0.000000
0.000000
0.999937
0.000000
0.000000
0.000001
0.000027
0.000000
0.000000
0.000000
0.810546
0.000000
0.371540
0.000000
0.359320
0.032822
0.000000
0.000000
0.000000
0.000000
0.000002
0.000000
0.000000
0.000000
0.000000
0.000000
0.000000
0.000000
0.999990
0.000000
0.000000
0.000000
0.000000
0.000007
0.000000
0.000000
0.000000
0.000000
0.000000
0.655716
0.000000
0.000000
0.048109
0.000001
0.000002
0.000000
0.000043
0.000032
0.000000
0.000000
0.000002
0.000000
0.000000
0.000001
0.000000
0.000000
0.000000
0.000004
0.000000
1.000000
0.000001
0.247116
0.000000
1.000000
0.000000
0.000000
0.000000
0.000000
0.000000
0.000008
0.000000
0.999996
0.000002
0.000000
0.000000
0.000000
0.000000
0.000000
0.000000
0.000000
0.000000
0.000000
0.000000
0.000000
0.000096
0.000000
0.000001
0.000003
0.000918
0.000000
0.000000
0.020997
0.000000
0.000003
0.000013
0.000365
0.000000
0.000000
0.000000
0.000000
0.000000
0.919755
0.000000
0.692661
0.000001
0.000000
0.000001
0.000076
0.000197
0.000006
0.000000
0.000000
0.000000
0.000013
0.000000
0.000044
0.000000
0.000000
0.158121
0.001150
0.187516
0.000000
0.007567
0.000000
0.013929
0.000000
0.000001
0.000000
0.000001
0.000001
0.000000
0.000000
0.000000
0.919908
0.000000
0.000000
0.000493
0.000005
0.000001
0.999999
0.000000
0.000000
0.000000
0.000000
0.000000
0.000000
0.000003
0.000000
0.000000
0.000000
0.000000
0.000069
0.005500
0.000000
0.000000
0.000000
0.000000
0.000000
0.000000
0.000000
0.000000
0.000000
0.000000
0.000000
0.000000
0.022170
0.000022
0.000000
0.000000
0.000007
0.000000
0.000000
0.000267
0.000000
0.000000
0.000019
0.000000
0.000000
0.000000
0.000000
0.000000
